/*--------------------------------*- C++ -*----------------------------------*\
| =========                 |                                                 |
| \\      /  F ield         | OpenFOAM: The Open Source CFD Toolbox           |
|  \\    /   O peration     | Version:  2606                                  |
|   \\  /    A nd           | Website:  www.openfoam.com                      |
|    \\/     M anipulation  |                                                 |
\*---------------------------------------------------------------------------*/
FoamFile
{
    version     2.0;
    format      ascii;
    arch        "LSB;label=32;scalar=64";
    class       faceList;
    location    "constant/polyMesh";
    object      faces;
}
// * * * * * * * * * * * * * * * * * * * * * * * * * * * * * * * * * * * * * //


830
(
4(63 119 291 120)
4(8 120 291 64)
4(62 118 292 121)
4(120 121 292 291)
4(61 117 293 122)
4(121 122 293 292)
4(60 116 294 123)
4(122 123 294 293)
4(59 115 295 124)
4(123 124 295 294)
4(58 114 296 125)
4(124 125 296 295)
4(57 113 297 126)
4(125 126 297 296)
4(56 112 298 127)
4(126 127 298 297)
4(55 111 299 128)
4(127 128 299 298)
4(128 54 110 299)
4(120 291 300 129)
4(9 129 300 65)
4(121 292 301 130)
4(129 130 301 300)
4(122 293 302 131)
4(130 131 302 301)
4(123 294 303 132)
4(131 132 303 302)
4(124 295 304 133)
4(132 133 304 303)
4(125 296 305 134)
4(133 134 305 304)
4(126 297 306 135)
4(134 135 306 305)
4(127 298 307 136)
4(135 136 307 306)
4(128 299 308 137)
4(136 137 308 307)
4(137 53 109 308)
4(129 300 309 138)
4(10 138 309 66)
4(130 301 310 139)
4(138 139 310 309)
4(131 302 311 140)
4(139 140 311 310)
4(132 303 312 141)
4(140 141 312 311)
4(133 304 313 142)
4(141 142 313 312)
4(134 305 314 143)
4(142 143 314 313)
4(135 306 315 144)
4(143 144 315 314)
4(136 307 316 145)
4(144 145 316 315)
4(137 308 317 146)
4(145 146 317 316)
4(146 52 108 317)
4(138 309 318 147)
4(11 147 318 67)
4(139 310 319 148)
4(147 148 319 318)
4(140 311 320 149)
4(148 149 320 319)
4(141 312 321 150)
4(149 150 321 320)
4(142 313 322 151)
4(150 151 322 321)
4(143 314 323 152)
4(151 152 323 322)
4(144 315 324 153)
4(152 153 324 323)
4(145 316 325 154)
4(153 154 325 324)
4(146 317 326 155)
4(154 155 326 325)
4(155 51 107 326)
4(147 318 327 156)
4(12 156 327 68)
4(148 319 328 157)
4(156 157 328 327)
4(149 320 329 158)
4(157 158 329 328)
4(150 321 330 159)
4(158 159 330 329)
4(151 322 331 160)
4(159 160 331 330)
4(152 323 332 161)
4(160 161 332 331)
4(153 324 333 162)
4(161 162 333 332)
4(154 325 334 163)
4(162 163 334 333)
4(155 326 335 164)
4(163 164 335 334)
4(164 50 106 335)
4(156 327 336 165)
4(13 165 336 69)
4(157 328 337 166)
4(165 166 337 336)
4(158 329 338 167)
4(166 167 338 337)
4(159 330 339 168)
4(167 168 339 338)
4(160 331 340 169)
4(168 169 340 339)
4(161 332 341 170)
4(169 170 341 340)
4(162 333 342 171)
4(170 171 342 341)
4(163 334 343 172)
4(171 172 343 342)
4(164 335 344 173)
4(172 173 344 343)
4(173 49 105 344)
4(165 336 345 174)
4(14 174 345 70)
4(166 337 346 175)
4(174 175 346 345)
4(167 338 347 176)
4(175 176 347 346)
4(168 339 348 177)
4(176 177 348 347)
4(169 340 349 178)
4(177 178 349 348)
4(170 341 350 179)
4(178 179 350 349)
4(171 342 351 180)
4(179 180 351 350)
4(172 343 352 181)
4(180 181 352 351)
4(173 344 353 182)
4(181 182 353 352)
4(182 48 104 353)
4(174 345 354 183)
4(15 183 354 71)
4(175 346 355 184)
4(183 184 355 354)
4(176 347 356 185)
4(184 185 356 355)
4(177 348 357 186)
4(185 186 357 356)
4(178 349 358 187)
4(186 187 358 357)
4(179 350 359 188)
4(187 188 359 358)
4(180 351 360 189)
4(188 189 360 359)
4(181 352 361 190)
4(189 190 361 360)
4(182 353 362 191)
4(190 191 362 361)
4(191 47 103 362)
4(183 354 363 192)
4(16 192 363 72)
4(184 355 364 193)
4(192 193 364 363)
4(185 356 365 194)
4(193 194 365 364)
4(186 357 366 195)
4(194 195 366 365)
4(187 358 367 196)
4(195 196 367 366)
4(188 359 368 197)
4(196 197 368 367)
4(189 360 369 198)
4(197 198 369 368)
4(190 361 370 199)
4(198 199 370 369)
4(191 362 371 200)
4(199 200 371 370)
4(200 46 102 371)
4(192 363 372 201)
4(17 201 372 73)
4(193 364 373 202)
4(201 202 373 372)
4(194 365 374 203)
4(202 203 374 373)
4(195 366 375 204)
4(203 204 375 374)
4(196 367 376 205)
4(204 205 376 375)
4(197 368 377 206)
4(205 206 377 376)
4(198 369 378 207)
4(206 207 378 377)
4(199 370 379 208)
4(207 208 379 378)
4(200 371 380 209)
4(208 209 380 379)
4(209 45 101 380)
4(201 372 381 210)
4(18 210 381 74)
4(202 373 382 211)
4(210 211 382 381)
4(203 374 383 212)
4(211 212 383 382)
4(204 375 384 213)
4(212 213 384 383)
4(205 376 385 214)
4(213 214 385 384)
4(206 377 386 215)
4(214 215 386 385)
4(207 378 387 216)
4(215 216 387 386)
4(208 379 388 217)
4(216 217 388 387)
4(209 380 389 218)
4(217 218 389 388)
4(218 44 100 389)
4(210 381 390 219)
4(19 219 390 75)
4(211 382 391 220)
4(219 220 391 390)
4(212 383 392 221)
4(220 221 392 391)
4(213 384 393 222)
4(221 222 393 392)
4(214 385 394 223)
4(222 223 394 393)
4(215 386 395 224)
4(223 224 395 394)
4(216 387 396 225)
4(224 225 396 395)
4(217 388 397 226)
4(225 226 397 396)
4(218 389 398 227)
4(226 227 398 397)
4(227 43 99 398)
4(219 390 399 228)
4(20 228 399 76)
4(220 391 400 229)
4(228 229 400 399)
4(221 392 401 230)
4(229 230 401 400)
4(222 393 402 231)
4(230 231 402 401)
4(223 394 403 232)
4(231 232 403 402)
4(224 395 404 233)
4(232 233 404 403)
4(225 396 405 234)
4(233 234 405 404)
4(226 397 406 235)
4(234 235 406 405)
4(227 398 407 236)
4(235 236 407 406)
4(236 42 98 407)
4(228 399 408 237)
4(21 237 408 77)
4(229 400 409 238)
4(237 238 409 408)
4(230 401 410 239)
4(238 239 410 409)
4(231 402 411 240)
4(239 240 411 410)
4(232 403 412 241)
4(240 241 412 411)
4(233 404 413 242)
4(241 242 413 412)
4(234 405 414 243)
4(242 243 414 413)
4(235 406 415 244)
4(243 244 415 414)
4(236 407 416 245)
4(244 245 416 415)
4(245 41 97 416)
4(237 408 417 246)
4(22 246 417 78)
4(238 409 418 247)
4(246 247 418 417)
4(239 410 419 248)
4(247 248 419 418)
4(240 411 420 249)
4(248 249 420 419)
4(241 412 421 250)
4(249 250 421 420)
4(242 413 422 251)
4(250 251 422 421)
4(243 414 423 252)
4(251 252 423 422)
4(244 415 424 253)
4(252 253 424 423)
4(245 416 425 254)
4(253 254 425 424)
4(254 40 96 425)
4(246 417 426 255)
4(23 255 426 79)
4(247 418 427 256)
4(255 256 427 426)
4(248 419 428 257)
4(256 257 428 427)
4(249 420 429 258)
4(257 258 429 428)
4(250 421 430 259)
4(258 259 430 429)
4(251 422 431 260)
4(259 260 431 430)
4(252 423 432 261)
4(260 261 432 431)
4(253 424 433 262)
4(261 262 433 432)
4(254 425 434 263)
4(262 263 434 433)
4(263 39 95 434)
4(255 426 435 264)
4(24 264 435 80)
4(256 427 436 265)
4(264 265 436 435)
4(257 428 437 266)
4(265 266 437 436)
4(258 429 438 267)
4(266 267 438 437)
4(259 430 439 268)
4(267 268 439 438)
4(260 431 440 269)
4(268 269 440 439)
4(261 432 441 270)
4(269 270 441 440)
4(262 433 442 271)
4(270 271 442 441)
4(263 434 443 272)
4(271 272 443 442)
4(272 38 94 443)
4(264 435 444 273)
4(25 273 444 81)
4(265 436 445 274)
4(273 274 445 444)
4(266 437 446 275)
4(274 275 446 445)
4(267 438 447 276)
4(275 276 447 446)
4(268 439 448 277)
4(276 277 448 447)
4(269 440 449 278)
4(277 278 449 448)
4(270 441 450 279)
4(278 279 450 449)
4(271 442 451 280)
4(279 280 451 450)
4(272 443 452 281)
4(280 281 452 451)
4(281 37 93 452)
4(273 444 453 282)
4(26 282 453 82)
4(274 445 454 283)
4(282 283 454 453)
4(275 446 455 284)
4(283 284 455 454)
4(276 447 456 285)
4(284 285 456 455)
4(277 448 457 286)
4(285 286 457 456)
4(278 449 458 287)
4(286 287 458 457)
4(279 450 459 288)
4(287 288 459 458)
4(280 451 460 289)
4(288 289 460 459)
4(281 452 461 290)
4(289 290 461 460)
4(290 36 92 461)
4(282 453 83 27)
4(283 454 84 28)
4(284 455 85 29)
4(285 456 86 30)
4(286 457 87 31)
4(287 458 88 32)
4(288 459 89 33)
4(289 460 90 34)
4(290 461 91 35)
4(0 63 120 8)
4(63 62 121 120)
4(62 61 122 121)
4(61 60 123 122)
4(60 59 124 123)
4(59 58 125 124)
4(58 57 126 125)
4(57 56 127 126)
4(56 55 128 127)
4(55 3 54 128)
4(8 120 129 9)
4(120 121 130 129)
4(121 122 131 130)
4(122 123 132 131)
4(123 124 133 132)
4(124 125 134 133)
4(125 126 135 134)
4(126 127 136 135)
4(127 128 137 136)
4(128 54 53 137)
4(9 129 138 10)
4(129 130 139 138)
4(130 131 140 139)
4(131 132 141 140)
4(132 133 142 141)
4(133 134 143 142)
4(134 135 144 143)
4(135 136 145 144)
4(136 137 146 145)
4(137 53 52 146)
4(10 138 147 11)
4(138 139 148 147)
4(139 140 149 148)
4(140 141 150 149)
4(141 142 151 150)
4(142 143 152 151)
4(143 144 153 152)
4(144 145 154 153)
4(145 146 155 154)
4(146 52 51 155)
4(11 147 156 12)
4(147 148 157 156)
4(148 149 158 157)
4(149 150 159 158)
4(150 151 160 159)
4(151 152 161 160)
4(152 153 162 161)
4(153 154 163 162)
4(154 155 164 163)
4(155 51 50 164)
4(12 156 165 13)
4(156 157 166 165)
4(157 158 167 166)
4(158 159 168 167)
4(159 160 169 168)
4(160 161 170 169)
4(161 162 171 170)
4(162 163 172 171)
4(163 164 173 172)
4(164 50 49 173)
4(13 165 174 14)
4(165 166 175 174)
4(166 167 176 175)
4(167 168 177 176)
4(168 169 178 177)
4(169 170 179 178)
4(170 171 180 179)
4(171 172 181 180)
4(172 173 182 181)
4(173 49 48 182)
4(14 174 183 15)
4(174 175 184 183)
4(175 176 185 184)
4(176 177 186 185)
4(177 178 187 186)
4(178 179 188 187)
4(179 180 189 188)
4(180 181 190 189)
4(181 182 191 190)
4(182 48 47 191)
4(15 183 192 16)
4(183 184 193 192)
4(184 185 194 193)
4(185 186 195 194)
4(186 187 196 195)
4(187 188 197 196)
4(188 189 198 197)
4(189 190 199 198)
4(190 191 200 199)
4(191 47 46 200)
4(16 192 201 17)
4(192 193 202 201)
4(193 194 203 202)
4(194 195 204 203)
4(195 196 205 204)
4(196 197 206 205)
4(197 198 207 206)
4(198 199 208 207)
4(199 200 209 208)
4(200 46 45 209)
4(17 201 210 18)
4(201 202 211 210)
4(202 203 212 211)
4(203 204 213 212)
4(204 205 214 213)
4(205 206 215 214)
4(206 207 216 215)
4(207 208 217 216)
4(208 209 218 217)
4(209 45 44 218)
4(18 210 219 19)
4(210 211 220 219)
4(211 212 221 220)
4(212 213 222 221)
4(213 214 223 222)
4(214 215 224 223)
4(215 216 225 224)
4(216 217 226 225)
4(217 218 227 226)
4(218 44 43 227)
4(19 219 228 20)
4(219 220 229 228)
4(220 221 230 229)
4(221 222 231 230)
4(222 223 232 231)
4(223 224 233 232)
4(224 225 234 233)
4(225 226 235 234)
4(226 227 236 235)
4(227 43 42 236)
4(20 228 237 21)
4(228 229 238 237)
4(229 230 239 238)
4(230 231 240 239)
4(231 232 241 240)
4(232 233 242 241)
4(233 234 243 242)
4(234 235 244 243)
4(235 236 245 244)
4(236 42 41 245)
4(21 237 246 22)
4(237 238 247 246)
4(238 239 248 247)
4(239 240 249 248)
4(240 241 250 249)
4(241 242 251 250)
4(242 243 252 251)
4(243 244 253 252)
4(244 245 254 253)
4(245 41 40 254)
4(22 246 255 23)
4(246 247 256 255)
4(247 248 257 256)
4(248 249 258 257)
4(249 250 259 258)
4(250 251 260 259)
4(251 252 261 260)
4(252 253 262 261)
4(253 254 263 262)
4(254 40 39 263)
4(23 255 264 24)
4(255 256 265 264)
4(256 257 266 265)
4(257 258 267 266)
4(258 259 268 267)
4(259 260 269 268)
4(260 261 270 269)
4(261 262 271 270)
4(262 263 272 271)
4(263 39 38 272)
4(24 264 273 25)
4(264 265 274 273)
4(265 266 275 274)
4(266 267 276 275)
4(267 268 277 276)
4(268 269 278 277)
4(269 270 279 278)
4(270 271 280 279)
4(271 272 281 280)
4(272 38 37 281)
4(25 273 282 26)
4(273 274 283 282)
4(274 275 284 283)
4(275 276 285 284)
4(276 277 286 285)
4(277 278 287 286)
4(278 279 288 287)
4(279 280 289 288)
4(280 281 290 289)
4(281 37 36 290)
4(26 282 27 1)
4(282 283 28 27)
4(283 284 29 28)
4(284 285 30 29)
4(285 286 31 30)
4(286 287 32 31)
4(287 288 33 32)
4(288 289 34 33)
4(289 290 35 34)
4(290 36 2 35)
4(0 8 64 4)
4(8 9 65 64)
4(9 10 66 65)
4(10 11 67 66)
4(11 12 68 67)
4(12 13 69 68)
4(13 14 70 69)
4(14 15 71 70)
4(15 16 72 71)
4(16 17 73 72)
4(17 18 74 73)
4(18 19 75 74)
4(19 20 76 75)
4(20 21 77 76)
4(21 22 78 77)
4(22 23 79 78)
4(23 24 80 79)
4(24 25 81 80)
4(25 26 82 81)
4(26 1 5 82)
4(1 27 83 5)
4(27 28 84 83)
4(28 29 85 84)
4(29 30 86 85)
4(30 31 87 86)
4(31 32 88 87)
4(32 33 89 88)
4(33 34 90 89)
4(34 35 91 90)
4(35 2 6 91)
4(3 7 110 54)
4(54 110 109 53)
4(53 109 108 52)
4(52 108 107 51)
4(51 107 106 50)
4(50 106 105 49)
4(49 105 104 48)
4(48 104 103 47)
4(47 103 102 46)
4(46 102 101 45)
4(45 101 100 44)
4(44 100 99 43)
4(43 99 98 42)
4(42 98 97 41)
4(41 97 96 40)
4(40 96 95 39)
4(39 95 94 38)
4(38 94 93 37)
4(37 93 92 36)
4(36 92 6 2)
4(0 4 119 63)
4(63 119 118 62)
4(62 118 117 61)
4(61 117 116 60)
4(60 116 115 59)
4(59 115 114 58)
4(58 114 113 57)
4(57 113 112 56)
4(56 112 111 55)
4(55 111 7 3)
4(4 64 291 119)
4(119 291 292 118)
4(118 292 293 117)
4(117 293 294 116)
4(116 294 295 115)
4(115 295 296 114)
4(114 296 297 113)
4(113 297 298 112)
4(112 298 299 111)
4(111 299 110 7)
4(64 65 300 291)
4(291 300 301 292)
4(292 301 302 293)
4(293 302 303 294)
4(294 303 304 295)
4(295 304 305 296)
4(296 305 306 297)
4(297 306 307 298)
4(298 307 308 299)
4(299 308 109 110)
4(65 66 309 300)
4(300 309 310 301)
4(301 310 311 302)
4(302 311 312 303)
4(303 312 313 304)
4(304 313 314 305)
4(305 314 315 306)
4(306 315 316 307)
4(307 316 317 308)
4(308 317 108 109)
4(66 67 318 309)
4(309 318 319 310)
4(310 319 320 311)
4(311 320 321 312)
4(312 321 322 313)
4(313 322 323 314)
4(314 323 324 315)
4(315 324 325 316)
4(316 325 326 317)
4(317 326 107 108)
4(67 68 327 318)
4(318 327 328 319)
4(319 328 329 320)
4(320 329 330 321)
4(321 330 331 322)
4(322 331 332 323)
4(323 332 333 324)
4(324 333 334 325)
4(325 334 335 326)
4(326 335 106 107)
4(68 69 336 327)
4(327 336 337 328)
4(328 337 338 329)
4(329 338 339 330)
4(330 339 340 331)
4(331 340 341 332)
4(332 341 342 333)
4(333 342 343 334)
4(334 343 344 335)
4(335 344 105 106)
4(69 70 345 336)
4(336 345 346 337)
4(337 346 347 338)
4(338 347 348 339)
4(339 348 349 340)
4(340 349 350 341)
4(341 350 351 342)
4(342 351 352 343)
4(343 352 353 344)
4(344 353 104 105)
4(70 71 354 345)
4(345 354 355 346)
4(346 355 356 347)
4(347 356 357 348)
4(348 357 358 349)
4(349 358 359 350)
4(350 359 360 351)
4(351 360 361 352)
4(352 361 362 353)
4(353 362 103 104)
4(71 72 363 354)
4(354 363 364 355)
4(355 364 365 356)
4(356 365 366 357)
4(357 366 367 358)
4(358 367 368 359)
4(359 368 369 360)
4(360 369 370 361)
4(361 370 371 362)
4(362 371 102 103)
4(72 73 372 363)
4(363 372 373 364)
4(364 373 374 365)
4(365 374 375 366)
4(366 375 376 367)
4(367 376 377 368)
4(368 377 378 369)
4(369 378 379 370)
4(370 379 380 371)
4(371 380 101 102)
4(73 74 381 372)
4(372 381 382 373)
4(373 382 383 374)
4(374 383 384 375)
4(375 384 385 376)
4(376 385 386 377)
4(377 386 387 378)
4(378 387 388 379)
4(379 388 389 380)
4(380 389 100 101)
4(74 75 390 381)
4(381 390 391 382)
4(382 391 392 383)
4(383 392 393 384)
4(384 393 394 385)
4(385 394 395 386)
4(386 395 396 387)
4(387 396 397 388)
4(388 397 398 389)
4(389 398 99 100)
4(75 76 399 390)
4(390 399 400 391)
4(391 400 401 392)
4(392 401 402 393)
4(393 402 403 394)
4(394 403 404 395)
4(395 404 405 396)
4(396 405 406 397)
4(397 406 407 398)
4(398 407 98 99)
4(76 77 408 399)
4(399 408 409 400)
4(400 409 410 401)
4(401 410 411 402)
4(402 411 412 403)
4(403 412 413 404)
4(404 413 414 405)
4(405 414 415 406)
4(406 415 416 407)
4(407 416 97 98)
4(77 78 417 408)
4(408 417 418 409)
4(409 418 419 410)
4(410 419 420 411)
4(411 420 421 412)
4(412 421 422 413)
4(413 422 423 414)
4(414 423 424 415)
4(415 424 425 416)
4(416 425 96 97)
4(78 79 426 417)
4(417 426 427 418)
4(418 427 428 419)
4(419 428 429 420)
4(420 429 430 421)
4(421 430 431 422)
4(422 431 432 423)
4(423 432 433 424)
4(424 433 434 425)
4(425 434 95 96)
4(79 80 435 426)
4(426 435 436 427)
4(427 436 437 428)
4(428 437 438 429)
4(429 438 439 430)
4(430 439 440 431)
4(431 440 441 432)
4(432 441 442 433)
4(433 442 443 434)
4(434 443 94 95)
4(80 81 444 435)
4(435 444 445 436)
4(436 445 446 437)
4(437 446 447 438)
4(438 447 448 439)
4(439 448 449 440)
4(440 449 450 441)
4(441 450 451 442)
4(442 451 452 443)
4(443 452 93 94)
4(81 82 453 444)
4(444 453 454 445)
4(445 454 455 446)
4(446 455 456 447)
4(447 456 457 448)
4(448 457 458 449)
4(449 458 459 450)
4(450 459 460 451)
4(451 460 461 452)
4(452 461 92 93)
4(82 5 83 453)
4(453 83 84 454)
4(454 84 85 455)
4(455 85 86 456)
4(456 86 87 457)
4(457 87 88 458)
4(458 88 89 459)
4(459 89 90 460)
4(460 90 91 461)
4(461 91 6 92)
)


// ************************************************************************* //
