/*--------------------------------*- C++ -*----------------------------------*\
| =========                 |                                                 |
| \\      /  F ield         | OpenFOAM: The Open Source CFD Toolbox           |
|  \\    /   O peration     | Version:  2606                                  |
|   \\  /    A nd           | Website:  www.openfoam.com                      |
|    \\/     M anipulation  |                                                 |
\*---------------------------------------------------------------------------*/
FoamFile
{
    version     2.0;
    format      ascii;
    arch        "LSB;label=32;scalar=64";
    class       faceList;
    location    "constant/polyMesh";
    object      faces;
}
// * * * * * * * * * * * * * * * * * * * * * * * * * * * * * * * * * * * * * //


51
(
4(8 25 43 26)
4(9 24 42 27)
4(10 23 41 28)
4(11 22 40 29)
4(12 21 39 30)
4(13 20 38 31)
4(14 19 37 32)
4(15 18 36 33)
4(16 17 35 34)
4(0 3 25 8)
4(8 25 24 9)
4(9 24 23 10)
4(10 23 22 11)
4(11 22 21 12)
4(12 21 20 13)
4(13 20 19 14)
4(14 19 18 15)
4(15 18 17 16)
4(16 17 2 1)
4(0 8 26 4)
4(8 9 27 26)
4(9 10 28 27)
4(10 11 29 28)
4(11 12 30 29)
4(12 13 31 30)
4(13 14 32 31)
4(14 15 33 32)
4(15 16 34 33)
4(16 1 5 34)
4(1 2 6 5)
4(3 7 43 25)
4(25 43 42 24)
4(24 42 41 23)
4(23 41 40 22)
4(22 40 39 21)
4(21 39 38 20)
4(20 38 37 19)
4(19 37 36 18)
4(18 36 35 17)
4(17 35 6 2)
4(0 4 7 3)
4(4 26 43 7)
4(26 27 42 43)
4(27 28 41 42)
4(28 29 40 41)
4(29 30 39 40)
4(30 31 38 39)
4(31 32 37 38)
4(32 33 36 37)
4(33 34 35 36)
4(34 5 6 35)
)


// ************************************************************************* //
